t # 0
v 0 BusinessProcess
v 1 Composition
v 2 Composition
v 3 Composition
e 0 1 source
e 0 2 source
e 0 3 source

Support: 89
where: [2, 16, 19, 22, 25, 28, 30, 40, 45, 46, 49, 50, 51, 52, 54, 57, 64, 68, 69, 76, 79, 80, 83, 86, 88, 89, 90, 91, 92, 93, 98, 102, 106, 109, 110, 111, 112, 113, 120, 124, 125, 135, 136, 137, 138, 141, 142, 144, 146, 149, 152, 159, 163, 170, 172, 175, 178, 182, 183, 185, 186, 187, 189, 190, 191, 193, 196, 197, 198, 209, 211, 213, 218, 219, 220, 223, 226, 227, 228, 229, 230, 233, 234, 235, 238, 240, 241, 242, 244]

-----------------

t # 1
v 0 BusinessProcess
v 1 Composition
v 2 Composition
v 3 Composition
v 4 Composition
e 0 1 source
e 0 2 source
e 0 3 source
e 0 4 source

Support: 71
where: [2, 135, 136, 137, 138, 142, 16, 146, 149, 22, 152, 25, 28, 40, 170, 172, 46, 175, 49, 50, 51, 52, 178, 54, 182, 186, 187, 189, 190, 191, 64, 193, 68, 196, 197, 198, 76, 79, 80, 209, 83, 211, 86, 89, 90, 91, 92, 93, 218, 220, 98, 226, 229, 102, 230, 106, 234, 235, 109, 110, 111, 112, 113, 238, 240, 241, 242, 244, 120, 124, 125]

-----------------

t # 2
v 0 BusinessProcess
v 1 Composition
v 2 BusinessProcess
v 3 Triggering
e 0 1 source
e 1 2 target
e 2 3 source

Support: 64
where: [132, 137, 138, 141, 142, 16, 144, 146, 149, 152, 25, 28, 159, 163, 40, 171, 172, 45, 175, 50, 51, 52, 178, 54, 57, 185, 59, 187, 189, 190, 191, 64, 193, 68, 69, 197, 76, 83, 211, 213, 86, 89, 90, 91, 92, 218, 219, 223, 98, 226, 227, 228, 102, 230, 233, 106, 234, 110, 111, 240, 241, 244, 124, 125]

-----------------

t # 3
v 0 BusinessProcess
v 1 Composition
v 2 BusinessProcess
v 3 Triggering
v 4 Composition
e 0 1 source
e 0 4 source
e 1 2 target
e 2 3 source

Support: 63
where: [132, 137, 138, 141, 142, 16, 144, 146, 149, 152, 25, 28, 159, 163, 40, 172, 45, 175, 50, 51, 52, 178, 54, 57, 185, 59, 187, 189, 190, 191, 64, 193, 68, 69, 197, 76, 83, 211, 213, 86, 89, 90, 91, 92, 218, 219, 223, 98, 226, 227, 228, 102, 230, 233, 106, 234, 110, 111, 240, 241, 244, 124, 125]

-----------------

t # 4
v 0 BusinessProcess
v 1 Composition
v 2 BusinessProcess
v 3 Triggering
v 4 Composition
v 5 BusinessProcess
e 0 1 source
e 0 4 source
e 1 2 target
e 2 3 source
e 4 5 target

Support: 62
where: [132, 137, 138, 141, 142, 16, 144, 146, 149, 152, 25, 28, 159, 163, 40, 172, 45, 175, 50, 51, 52, 178, 54, 57, 185, 59, 187, 189, 190, 191, 64, 193, 68, 69, 197, 76, 83, 211, 213, 86, 89, 90, 91, 92, 218, 219, 223, 98, 226, 227, 228, 102, 233, 106, 234, 110, 111, 240, 241, 244, 124, 125]

-----------------

t # 5
v 0 BusinessProcess
v 1 Composition
v 2 BusinessProcess
v 3 Triggering
v 4 Composition
v 5 Composition
e 0 1 source
e 0 4 source
e 0 5 source
e 1 2 target
e 2 3 source

Support: 60
where: [137, 138, 141, 142, 16, 144, 149, 152, 25, 28, 159, 163, 40, 172, 45, 175, 50, 51, 52, 178, 54, 57, 185, 187, 189, 190, 191, 64, 193, 68, 69, 197, 76, 83, 211, 213, 86, 89, 90, 91, 92, 218, 219, 223, 98, 226, 227, 228, 102, 230, 233, 106, 234, 110, 111, 240, 241, 244, 124, 125]

-----------------

t # 6
v 0 BusinessProcess
v 1 Composition
v 2 BusinessProcess
v 3 Triggering
v 4 Triggering
e 0 1 source
e 1 2 target
e 2 3 source
e 2 4 target

Support: 60
where: [132, 137, 138, 141, 142, 16, 144, 149, 152, 25, 28, 159, 163, 40, 171, 172, 45, 175, 50, 51, 52, 178, 54, 57, 185, 187, 189, 190, 191, 64, 193, 68, 69, 197, 76, 83, 211, 213, 89, 90, 91, 218, 219, 223, 98, 226, 227, 228, 102, 230, 233, 106, 234, 110, 111, 240, 241, 244, 124, 125]

-----------------

t # 7
v 0 BusinessProcess
v 1 Composition
v 2 BusinessProcess
v 3 Composition
e 0 1 source
e 0 3 source
e 1 2 target

Support: 81
where: [16, 19, 25, 28, 30, 40, 41, 45, 46, 49, 50, 51, 52, 54, 57, 59, 64, 68, 69, 76, 79, 80, 83, 86, 89, 90, 91, 92, 98, 102, 106, 109, 110, 111, 114, 124, 125, 132, 136, 137, 138, 141, 142, 144, 146, 149, 152, 159, 163, 170, 172, 175, 178, 182, 185, 186, 187, 189, 190, 191, 193, 196, 197, 198, 201, 211, 213, 218, 219, 220, 223, 226, 227, 228, 230, 233, 234, 240, 241, 242, 244]

-----------------

t # 8
v 0 BusinessProcess
v 1 Composition
v 2 BusinessProcess
v 3 Composition
v 4 BusinessProcess
e 0 1 source
e 0 3 source
e 1 2 target
e 3 4 target

Support: 80
where: [16, 19, 25, 28, 30, 40, 41, 45, 46, 49, 50, 51, 52, 54, 57, 59, 64, 68, 69, 76, 79, 80, 83, 86, 89, 90, 91, 92, 98, 102, 106, 109, 110, 111, 114, 124, 125, 132, 136, 137, 138, 141, 142, 144, 146, 149, 152, 159, 163, 170, 172, 175, 178, 182, 185, 186, 187, 189, 190, 191, 193, 196, 197, 198, 201, 211, 213, 218, 219, 220, 223, 226, 227, 228, 233, 234, 240, 241, 242, 244]

-----------------

t # 9
v 0 BusinessProcess
v 1 Composition
v 2 BusinessProcess
v 3 Composition
v 4 BusinessProcess
v 5 Composition
e 0 1 source
e 0 3 source
e 0 5 source
e 1 2 target
e 3 4 target

Support: 75
where: [136, 137, 138, 141, 142, 16, 144, 146, 19, 149, 152, 25, 28, 30, 159, 163, 40, 170, 172, 45, 46, 175, 49, 50, 51, 52, 178, 54, 182, 57, 185, 186, 187, 189, 190, 191, 64, 193, 68, 69, 196, 197, 198, 76, 79, 80, 83, 211, 213, 86, 89, 90, 91, 92, 218, 219, 220, 223, 98, 226, 227, 228, 102, 233, 106, 234, 109, 110, 111, 240, 241, 242, 244, 124, 125]

-----------------

t # 10
v 0 BusinessProcess
v 1 Composition
v 2 BusinessProcess
v 3 Composition
v 4 BusinessProcess
v 5 Composition
v 6 BusinessProcess
e 0 1 source
e 0 3 source
e 0 5 source
e 1 2 target
e 3 4 target
e 5 6 target

Support: 74
where: [136, 137, 138, 141, 142, 16, 144, 146, 19, 149, 152, 25, 28, 30, 159, 163, 40, 170, 45, 46, 175, 49, 50, 51, 52, 178, 54, 182, 57, 185, 186, 187, 189, 190, 191, 64, 193, 68, 69, 196, 197, 198, 76, 79, 80, 83, 211, 213, 86, 89, 90, 91, 92, 218, 219, 220, 223, 98, 226, 227, 228, 102, 233, 106, 234, 109, 110, 111, 240, 241, 242, 244, 124, 125]

-----------------

t # 11
v 0 BusinessProcess
v 1 Composition
v 2 BusinessProcess
v 3 Composition
v 4 Composition
e 0 1 source
e 0 3 source
e 0 4 source
e 1 2 target

Support: 76
where: [136, 137, 138, 141, 142, 16, 144, 146, 19, 149, 152, 25, 28, 30, 159, 163, 40, 170, 172, 45, 46, 175, 49, 50, 51, 52, 178, 54, 182, 57, 185, 186, 187, 189, 190, 191, 64, 193, 68, 69, 196, 197, 198, 76, 79, 80, 83, 211, 213, 86, 89, 90, 91, 92, 218, 219, 220, 223, 98, 226, 227, 228, 102, 230, 233, 106, 234, 109, 110, 111, 240, 241, 242, 244, 124, 125]

-----------------

t # 12
v 0 BusinessProcess
v 1 Composition
v 2 BusinessProcess
v 3 Composition
v 4 Composition
v 5 Composition
e 0 1 source
e 0 3 source
e 0 4 source
e 0 5 source
e 1 2 target

Support: 60
where: [136, 137, 138, 142, 16, 146, 149, 152, 25, 28, 40, 170, 172, 46, 175, 49, 50, 51, 52, 178, 54, 182, 186, 187, 189, 190, 191, 64, 193, 68, 196, 197, 198, 76, 79, 80, 83, 211, 86, 89, 90, 91, 92, 218, 220, 98, 226, 102, 230, 106, 234, 109, 110, 111, 240, 241, 242, 244, 124, 125]

-----------------

t # 13
v 0 BusinessProcess
v 1 Composition
v 2 BusinessProcess
v 3 Triggering
e 0 1 source
e 1 2 target
e 2 3 target

Support: 66
where: [132, 136, 137, 138, 141, 142, 16, 144, 149, 152, 25, 28, 159, 163, 40, 41, 171, 172, 45, 175, 50, 51, 52, 178, 54, 57, 185, 59, 187, 189, 190, 191, 64, 193, 68, 69, 197, 76, 83, 211, 213, 86, 89, 90, 91, 92, 218, 219, 223, 98, 226, 227, 228, 102, 230, 233, 106, 234, 109, 110, 111, 240, 241, 244, 124, 125]

-----------------

t # 14
v 0 BusinessProcess
v 1 Composition
v 2 BusinessProcess
v 3 Triggering
v 4 Composition
e 0 1 source
e 0 4 source
e 1 2 target
e 2 3 target

Support: 65
where: [132, 136, 137, 138, 141, 142, 16, 144, 149, 152, 25, 28, 159, 163, 40, 41, 172, 45, 175, 50, 51, 52, 178, 54, 57, 185, 59, 187, 189, 190, 191, 64, 193, 68, 69, 197, 76, 83, 211, 213, 86, 89, 90, 91, 92, 218, 219, 223, 98, 226, 227, 228, 102, 230, 233, 106, 234, 109, 110, 111, 240, 241, 244, 124, 125]

-----------------

t # 15
v 0 BusinessProcess
v 1 Composition
v 2 BusinessProcess
v 3 Triggering
v 4 Composition
v 5 BusinessProcess
e 0 1 source
e 0 4 source
e 1 2 target
e 2 3 target
e 4 5 target

Support: 64
where: [132, 136, 137, 138, 141, 142, 16, 144, 149, 152, 25, 28, 159, 163, 40, 41, 172, 45, 175, 50, 51, 52, 178, 54, 57, 185, 59, 187, 189, 190, 191, 64, 193, 68, 69, 197, 76, 83, 211, 213, 86, 89, 90, 91, 92, 218, 219, 223, 98, 226, 227, 228, 102, 233, 106, 234, 109, 110, 111, 240, 241, 244, 124, 125]

-----------------

t # 16
v 0 BusinessProcess
v 1 Composition
v 2 BusinessProcess
v 3 Triggering
v 4 Composition
v 5 BusinessProcess
v 6 Composition
e 0 1 source
e 0 4 source
e 0 6 source
e 1 2 target
e 2 3 target
e 4 5 target

Support: 61
where: [136, 137, 138, 141, 142, 16, 144, 149, 152, 25, 28, 159, 163, 40, 172, 45, 175, 50, 51, 52, 178, 54, 57, 185, 187, 189, 190, 191, 64, 193, 68, 69, 197, 76, 83, 211, 213, 86, 89, 90, 91, 92, 218, 219, 223, 98, 226, 227, 228, 102, 233, 106, 234, 109, 110, 111, 240, 241, 244, 124, 125]

-----------------

t # 17
v 0 BusinessProcess
v 1 Composition
v 2 BusinessProcess
v 3 Triggering
v 4 Composition
v 5 Composition
e 0 1 source
e 0 4 source
e 0 5 source
e 1 2 target
e 2 3 target

Support: 62
where: [136, 137, 138, 141, 142, 16, 144, 149, 152, 25, 28, 159, 163, 40, 172, 45, 175, 50, 51, 52, 178, 54, 57, 185, 187, 189, 190, 191, 64, 193, 68, 69, 197, 76, 83, 211, 213, 86, 89, 90, 91, 92, 218, 219, 223, 98, 226, 227, 228, 102, 230, 233, 106, 234, 109, 110, 111, 240, 241, 244, 124, 125]

-----------------

t # 18
v 0 BusinessProcess
v 1 Triggering
v 2 BusinessProcess
v 3 Triggering
e 0 1 source
e 0 3 target
e 1 2 target

Support: 89
where: [5, 7, 8, 16, 23, 24, 25, 28, 38, 40, 45, 49, 50, 51, 53, 54, 57, 59, 60, 64, 65, 66, 68, 69, 75, 76, 83, 89, 90, 91, 98, 99, 102, 103, 104, 106, 107, 110, 111, 113, 115, 116, 117, 118, 121, 124, 125, 132, 133, 136, 137, 138, 141, 142, 144, 146, 147, 149, 152, 163, 171, 172, 173, 175, 176, 178, 185, 187, 189, 190, 191, 193, 197, 201, 211, 213, 216, 218, 219, 223, 225, 226, 228, 233, 237, 240, 241, 242, 244]

-----------------

t # 19
v 0 BusinessProcess
v 1 Triggering
v 2 BusinessProcess
v 3 Triggering
e 0 1 source
e 1 2 target
e 2 3 source

Support: 89
where: [5, 7, 8, 16, 23, 24, 25, 28, 38, 40, 45, 49, 50, 51, 52, 53, 54, 57, 59, 60, 64, 65, 66, 68, 69, 75, 76, 83, 89, 91, 92, 98, 99, 102, 103, 104, 106, 107, 110, 111, 113, 115, 116, 117, 118, 121, 124, 125, 132, 133, 136, 137, 138, 141, 142, 144, 146, 147, 149, 152, 163, 171, 172, 173, 175, 176, 178, 185, 187, 189, 190, 191, 193, 197, 201, 211, 213, 216, 218, 219, 223, 225, 226, 228, 237, 240, 241, 242, 244]

-----------------

t # 20
v 0 BusinessProcess
v 1 Triggering
v 2 BusinessProcess
v 3 Triggering
v 4 BusinessProcess
e 0 1 source
e 1 2 target
e 2 3 source
e 3 4 target

Support: 86
where: [5, 7, 8, 16, 23, 24, 25, 28, 38, 40, 45, 49, 50, 51, 53, 54, 57, 59, 60, 64, 65, 66, 68, 69, 75, 76, 83, 89, 91, 98, 99, 102, 103, 104, 106, 107, 110, 111, 113, 115, 116, 117, 118, 121, 124, 125, 132, 133, 136, 137, 138, 141, 142, 144, 146, 147, 149, 152, 163, 171, 172, 173, 175, 176, 178, 185, 187, 189, 190, 191, 193, 197, 201, 211, 213, 216, 219, 223, 225, 226, 228, 237, 240, 241, 242, 244]

-----------------

t # 21
v 0 BusinessProcess
v 1 Triggering
v 2 BusinessProcess
v 3 Triggering
v 4 BusinessProcess
v 5 Triggering
e 0 1 source
e 1 2 target
e 2 3 source
e 3 4 target
e 4 5 source

Support: 70
where: [5, 133, 8, 136, 137, 138, 141, 142, 16, 144, 146, 147, 149, 23, 24, 25, 152, 28, 38, 40, 171, 172, 173, 176, 50, 51, 178, 53, 54, 185, 59, 60, 187, 189, 190, 64, 65, 66, 191, 68, 193, 197, 201, 75, 76, 83, 211, 216, 89, 225, 98, 99, 226, 228, 102, 103, 104, 106, 237, 110, 111, 240, 241, 115, 116, 117, 244, 121, 124, 125]

-----------------

t # 22
v 0 BusinessProcess
v 1 Triggering
v 2 BusinessProcess
v 3 Triggering
v 4 BusinessProcess
v 5 Triggering
v 6 BusinessProcess
e 0 1 source
e 1 2 target
e 2 3 source
e 3 4 target
e 4 5 source
e 5 6 target

Support: 64
where: [5, 8, 136, 137, 138, 141, 142, 16, 146, 149, 23, 24, 25, 152, 28, 38, 40, 171, 172, 176, 50, 51, 178, 53, 54, 59, 60, 187, 189, 190, 64, 65, 66, 191, 68, 193, 197, 201, 75, 76, 83, 211, 216, 89, 225, 98, 99, 226, 228, 102, 103, 104, 106, 237, 110, 111, 240, 241, 115, 116, 244, 121, 124, 125]

-----------------

t # 23
v 0 BusinessProcess
v 1 Triggering
v 2 BusinessProcess
v 3 Triggering
v 4 BusinessProcess
v 5 Triggering
v 6 Triggering
e 0 1 source
e 0 6 target
e 1 2 target
e 2 3 source
e 3 4 target
e 4 5 source

Support: 65
where: [5, 133, 8, 137, 138, 141, 142, 16, 144, 146, 149, 23, 24, 25, 152, 28, 38, 40, 171, 172, 173, 176, 50, 51, 178, 53, 54, 185, 59, 60, 187, 189, 190, 191, 65, 66, 193, 68, 197, 201, 75, 76, 83, 211, 216, 89, 225, 98, 99, 226, 228, 102, 103, 104, 106, 237, 110, 111, 240, 115, 244, 117, 121, 124, 125]

-----------------

t # 24
v 0 BusinessProcess
v 1 Triggering
v 2 BusinessProcess
v 3 Triggering
v 4 BusinessProcess
v 5 Triggering
e 0 1 source
e 0 5 target
e 1 2 target
e 2 3 source
e 3 4 target

Support: 72
where: [5, 133, 7, 8, 136, 137, 138, 141, 142, 16, 144, 146, 149, 23, 24, 25, 152, 28, 38, 40, 171, 172, 173, 176, 50, 51, 178, 53, 54, 185, 59, 60, 187, 189, 190, 64, 65, 66, 191, 68, 193, 197, 201, 75, 76, 83, 211, 213, 216, 89, 225, 98, 99, 226, 228, 102, 103, 104, 106, 237, 110, 111, 240, 241, 115, 116, 117, 118, 244, 121, 124, 125]

-----------------

t # 25
v 0 BusinessProcess
v 1 Triggering
v 2 BusinessProcess
v 3 Triggering
v 4 BusinessProcess
v 5 Composition
e 0 1 source
e 1 2 target
e 2 3 source
e 3 4 target
e 4 5 target

Support: 60
where: [136, 137, 138, 141, 142, 16, 144, 149, 23, 24, 25, 152, 28, 163, 172, 45, 175, 50, 51, 178, 54, 57, 185, 187, 189, 190, 191, 64, 65, 193, 68, 69, 197, 76, 83, 211, 213, 216, 89, 91, 219, 223, 225, 98, 226, 228, 102, 104, 106, 107, 110, 111, 240, 113, 241, 116, 117, 244, 124, 125]

-----------------

t # 26
v 0 BusinessProcess
v 1 Triggering
v 2 BusinessProcess
v 3 Triggering
v 4 BusinessProcess
v 5 Composition
e 0 1 source
e 0 5 target
e 1 2 target
e 2 3 source
e 3 4 target

Support: 60
where: [137, 138, 141, 142, 16, 144, 146, 149, 23, 24, 25, 152, 28, 163, 171, 172, 45, 50, 51, 178, 54, 57, 185, 187, 189, 190, 191, 64, 65, 193, 68, 69, 197, 76, 83, 211, 213, 216, 89, 91, 219, 223, 225, 98, 226, 228, 102, 104, 106, 107, 110, 111, 240, 113, 241, 116, 117, 244, 124, 125]

-----------------

t # 27
v 0 BusinessProcess
v 1 Triggering
v 2 BusinessProcess
v 3 Triggering
v 4 Triggering
e 0 1 source
e 0 4 target
e 1 2 target
e 2 3 source

Support: 74
where: [5, 133, 7, 8, 136, 137, 138, 141, 142, 16, 144, 146, 147, 149, 23, 24, 25, 152, 28, 38, 40, 171, 172, 173, 176, 50, 51, 178, 53, 54, 185, 59, 60, 187, 189, 190, 64, 65, 66, 191, 68, 193, 197, 201, 75, 76, 83, 211, 213, 216, 89, 218, 225, 98, 99, 226, 228, 102, 103, 104, 106, 237, 110, 111, 240, 241, 115, 116, 117, 118, 244, 121, 124, 125]

-----------------

t # 28
v 0 BusinessProcess
v 1 Triggering
v 2 BusinessProcess
v 3 Triggering
v 4 Composition
e 0 1 source
e 1 2 target
e 2 3 source
e 2 4 target

Support: 61
where: [137, 138, 141, 142, 16, 144, 149, 23, 24, 25, 152, 28, 163, 172, 45, 175, 50, 51, 52, 178, 54, 57, 185, 187, 189, 190, 191, 64, 65, 193, 68, 69, 197, 76, 83, 211, 213, 216, 89, 218, 91, 219, 223, 225, 98, 226, 228, 102, 104, 106, 107, 110, 111, 240, 113, 241, 116, 117, 244, 124, 125]

-----------------

t # 29
v 0 BusinessProcess
v 1 Triggering
v 2 BusinessProcess
v 3 Triggering
v 4 Composition
v 5 Composition
e 0 1 source
e 0 5 target
e 1 2 target
e 2 3 source
e 2 4 target

Support: 60
where: [137, 138, 141, 142, 16, 144, 149, 23, 24, 25, 152, 28, 163, 172, 45, 50, 51, 52, 178, 54, 57, 185, 187, 189, 190, 191, 64, 65, 193, 68, 69, 197, 76, 83, 211, 213, 216, 89, 218, 91, 219, 223, 225, 98, 226, 228, 102, 104, 106, 107, 110, 111, 240, 113, 241, 116, 117, 244, 124, 125]

-----------------

t # 30
v 0 BusinessProcess
v 1 Triggering
v 2 BusinessProcess
v 3 Triggering
v 4 Composition
e 0 1 source
e 0 4 target
e 1 2 target
e 2 3 source

Support: 63
where: [137, 138, 141, 142, 16, 144, 146, 149, 23, 24, 25, 152, 28, 163, 171, 172, 45, 50, 51, 52, 178, 54, 57, 185, 187, 189, 190, 191, 64, 65, 193, 68, 69, 197, 76, 83, 211, 213, 216, 89, 218, 91, 92, 219, 223, 225, 98, 226, 228, 102, 104, 106, 107, 110, 111, 240, 113, 241, 116, 117, 244, 124, 125]

-----------------

t # 31
v 0 BusinessProcess
v 1 Triggering
v 2 BusinessProcess
v 3 Composition
e 0 1 source
e 1 2 target
e 2 3 target

Support: 65
where: [136, 137, 138, 141, 142, 16, 144, 149, 23, 24, 25, 152, 28, 163, 41, 172, 45, 175, 50, 51, 52, 178, 54, 57, 185, 59, 187, 189, 190, 191, 64, 65, 193, 68, 69, 197, 76, 83, 211, 213, 216, 89, 218, 91, 219, 223, 225, 98, 226, 228, 102, 104, 233, 106, 107, 110, 111, 240, 113, 241, 116, 117, 244, 124, 125]

-----------------

t # 32
v 0 BusinessProcess
v 1 Triggering
v 2 BusinessProcess
v 3 Composition
v 4 Composition
e 0 1 source
e 0 4 target
e 1 2 target
e 2 3 target

Support: 63
where: [137, 138, 141, 142, 16, 144, 149, 23, 24, 25, 152, 28, 163, 172, 45, 175, 50, 51, 52, 178, 54, 57, 185, 59, 187, 189, 190, 191, 64, 65, 193, 68, 69, 197, 76, 83, 211, 213, 216, 89, 218, 91, 219, 223, 225, 98, 226, 228, 102, 104, 233, 106, 107, 110, 111, 240, 113, 241, 116, 117, 244, 124, 125]

-----------------

t # 33
v 0 BusinessProcess
v 1 Triggering
v 2 BusinessProcess
v 3 Composition
v 4 Composition
v 5 Triggering
e 0 1 source
e 0 4 target
e 0 5 target
e 1 2 target
e 2 3 target

Support: 61
where: [137, 138, 141, 142, 16, 144, 149, 23, 24, 25, 152, 28, 163, 172, 45, 175, 50, 51, 178, 54, 57, 185, 187, 189, 190, 191, 64, 65, 193, 68, 69, 197, 76, 83, 211, 213, 216, 89, 218, 91, 219, 223, 225, 98, 226, 228, 102, 104, 233, 106, 107, 110, 111, 240, 113, 241, 116, 117, 244, 124, 125]

-----------------

t # 34
v 0 BusinessProcess
v 1 Triggering
v 2 BusinessProcess
v 3 Composition
v 4 Triggering
e 0 1 source
e 0 4 target
e 1 2 target
e 2 3 target

Support: 62
where: [136, 137, 138, 141, 142, 16, 144, 149, 23, 24, 25, 152, 28, 163, 172, 45, 175, 50, 51, 178, 54, 57, 185, 187, 189, 190, 191, 64, 65, 193, 68, 69, 197, 76, 83, 211, 213, 216, 89, 218, 91, 219, 223, 225, 98, 226, 228, 102, 104, 233, 106, 107, 110, 111, 240, 113, 241, 116, 117, 244, 124, 125]

-----------------

t # 35
v 0 BusinessProcess
v 1 Triggering
v 2 BusinessProcess
v 3 Composition
e 0 1 source
e 0 3 target
e 1 2 target

Support: 67
where: [137, 138, 141, 142, 16, 144, 146, 149, 23, 24, 25, 152, 28, 163, 171, 172, 45, 175, 50, 51, 52, 178, 54, 57, 185, 59, 187, 189, 190, 191, 64, 65, 193, 68, 69, 197, 76, 83, 211, 213, 216, 89, 90, 91, 92, 218, 219, 223, 225, 98, 226, 228, 102, 104, 233, 106, 107, 110, 111, 240, 113, 241, 116, 117, 244, 124, 125]

-----------------

t # 36
v 0 BusinessProcess
v 1 Triggering
v 2 BusinessProcess
v 3 Composition
v 4 Triggering
e 0 1 source
e 0 3 target
e 0 4 target
e 1 2 target

Support: 63
where: [137, 138, 141, 142, 16, 144, 149, 23, 24, 25, 152, 28, 163, 171, 172, 45, 175, 50, 51, 178, 54, 57, 185, 187, 189, 190, 191, 64, 65, 193, 68, 69, 197, 76, 83, 211, 213, 216, 89, 90, 91, 218, 219, 223, 225, 98, 226, 228, 102, 104, 233, 106, 107, 110, 111, 240, 113, 241, 116, 117, 244, 124, 125]

-----------------

t # 37
v 0 BusinessProcess
v 1 Triggering
v 2 Composition
v 3 Triggering
e 0 1 source
e 0 2 target
e 0 3 target

Support: 70
where: [132, 137, 138, 141, 142, 16, 144, 149, 23, 24, 25, 152, 28, 159, 163, 40, 171, 172, 45, 175, 50, 51, 52, 178, 54, 57, 185, 187, 189, 190, 191, 64, 65, 193, 68, 69, 197, 76, 83, 211, 213, 216, 89, 90, 91, 218, 219, 223, 225, 98, 226, 227, 228, 102, 230, 104, 233, 106, 107, 234, 110, 111, 240, 113, 241, 116, 117, 244, 124, 125]

-----------------

Read:	0.5 s
Mine:	71.43 s
Total:	71.93 s
