t # 0
v 0 BusinessProcess
v 1 Composition
v 2 Composition
v 3 Composition
e 0 1 source
e 0 2 source
e 0 3 source

Support: 89
where: [2, 16, 19, 22, 25, 28, 30, 40, 45, 46, 49, 50, 51, 52, 54, 57, 64, 68, 69, 76, 79, 80, 83, 86, 88, 89, 90, 91, 92, 93, 98, 102, 106, 109, 110, 111, 112, 113, 120, 124, 125, 135, 136, 137, 138, 141, 142, 144, 146, 149, 152, 159, 163, 170, 172, 175, 178, 182, 183, 185, 186, 187, 189, 190, 191, 193, 196, 197, 198, 209, 211, 213, 218, 219, 220, 223, 226, 227, 228, 229, 230, 233, 234, 235, 238, 240, 241, 242, 244]

-----------------

t # 18
v 0 BusinessProcess
v 1 Triggering
v 2 BusinessProcess
v 3 Triggering
e 0 1 source
e 0 3 target
e 1 2 target

Support: 89
where: [5, 7, 8, 16, 23, 24, 25, 28, 38, 40, 45, 49, 50, 51, 53, 54, 57, 59, 60, 64, 65, 66, 68, 69, 75, 76, 83, 89, 90, 91, 98, 99, 102, 103, 104, 106, 107, 110, 111, 113, 115, 116, 117, 118, 121, 124, 125, 132, 133, 136, 137, 138, 141, 142, 144, 146, 147, 149, 152, 163, 171, 172, 173, 175, 176, 178, 185, 187, 189, 190, 191, 193, 197, 201, 211, 213, 216, 218, 219, 223, 225, 226, 228, 233, 237, 240, 241, 242, 244]

-----------------

t # 19
v 0 BusinessProcess
v 1 Triggering
v 2 BusinessProcess
v 3 Triggering
e 0 1 source
e 1 2 target
e 2 3 source

Support: 89
where: [5, 7, 8, 16, 23, 24, 25, 28, 38, 40, 45, 49, 50, 51, 52, 53, 54, 57, 59, 60, 64, 65, 66, 68, 69, 75, 76, 83, 89, 91, 92, 98, 99, 102, 103, 104, 106, 107, 110, 111, 113, 115, 116, 117, 118, 121, 124, 125, 132, 133, 136, 137, 138, 141, 142, 144, 146, 147, 149, 152, 163, 171, 172, 173, 175, 176, 178, 185, 187, 189, 190, 191, 193, 197, 201, 211, 213, 216, 218, 219, 223, 225, 226, 228, 237, 240, 241, 242, 244]

-----------------

